265 263 262 256
20 960 540 0

"assets/vert.txt" "assets/frag.txt" "assets/bg.png" "assets/fg.png" "assets/flame.wav"
7.5 7.5 0 0 0 6.28 6.28 0.1 0.125 0.1
7 0.5 1
0 -0.05 1 1
60
0 0 0 0 0 0 0 0 0 0 0 0 0 0 0 0
0 0 0 0 0 0 0 0 0 0 0 0 0 0 0 0
0 0 0 0 0 0 0 0 0 0 0 0 0 0 0 0
0 0 0 0 0 0 0 0 0 0 0 0 0 0 0 0
0 0 0 0 0 0 0 0 0 0 0 0 0 0 0 0
0 0 0 0 0 0 0 0 0 0 0 0 0 0 0 0
0 0 0 0 0 0 0 0 0 0 0 0 0 0 0 0
0 0 0 0 0 0 0 0 0 0 0 0 0 0 0 0
0 0 0 0 0 0 0 0 0 0 0 0 0 0 0 0

"assets/vert.txt" "assets/frag.txt" "assets/bg.png" "assets/fg.png" "assets/flame.wav"
7.5 1 0 0 0 6.28 6.28 0.1 0.125 0.1
7 7 1
0 -0.05 1 1
60
0 0 0 0 0 0 0 0 0 0 0 0 0 0 0 0
0 0 0 0 0 0 0 0 0 0 0 0 0 0 0 0
0 0 0 0 0 0 0 0 0 0 0 0 0 0 0 0
0 0 0 0 0 0 0 0 0 0 0 0 0 0 0 0
0 0 0 0 0 0 0 0 0 0 0 0 0 0 0 0
0 0 0 0 0 0 0 0 0 0 0 0 0 0 0 0
0 0 0 0 0 0 0 0 0 0 0 0 0 0 0 0
0 0 0 0 0 0 0 0 0 0 0 0 0 0 0 0
0 0 0 0 0 0 0 0 0 0 0 0 0 0 0 0

"assets/vert.txt" "assets/frag.txt" "assets/bg.png" "assets/fg.png" "assets/flame.wav"
0.5 4 0 0 0 6.28 6.28 0.1 0.5 0.1
13.5 3.5 1
0 -0.05 1 1
60
0 0 0 0 0 0 0 0 0 0 0 0 0 0 0 0
0 0 0 0 0 0 0 0 0 0 0 0 0 0 0 0
0 0 0 0 0 0 0 0 0 0 0 0 0 0 0 0
0 0 0 0 0 0 0 0 0 0 0 0 0 0 0 0
0 0 0 0 0 0 0 0 0 0 0 0 0 0 0 0
0 0 0 0 0 0 0 0 0 0 0 0 0 0 0 0
0 0 0 0 0 0 0 0 0 0 0 0 0 0 0 0
0 0 0 0 0 0 0 0 0 0 0 0 0 0 0 0
0 0 0 0 0 0 0 0 0 0 0 0 0 0 0 0

"assets/vert.txt" "assets/frag.txt" "assets/bg.png" "assets/fg.png" "assets/flame.wav"
0.5 7.5 0 0 0 6.28 6.28 0.1 0.5 0.1
13.5 0.5 1
0 -0.05 1 1
60
0 0 0 0 0 0 0 0 0 0 0 0 0 0 0 0
0 0 0 0 0 0 0 0 0 0 0 0 0 0 0 0
0 0 0 0 0 0 0 0 0 0 0 0 0 0 0 0
0 0 0 0 0 0 0 0 0 0 0 0 0 0 0 0
0 0 0 0 0 0 0 0 0 0 0 0 0 0 0 0
0 0 0 0 0 0 0 0 0 0 0 0 0 0 0 0
0 0 0 0 0 0 0 0 0 0 0 0 0 0 0 0
0 0 0 0 0 0 0 0 0 0 0 0 0 0 0 0
0 0 0 0 0 0 0 0 0 0 0 0 0 0 0 0

"assets/vert.txt" "assets/frag.txt" "assets/bg.png" "assets/fg.png" "assets/flame.wav"
0.5 1 0 0 0 6.28 6.28 0.1 0.4 0.1
13.5 7 1
0 -0.05 1 1
60
0 0 0 0 0 0 0 0 0 0 0 0 0 0 0 0
0 0 0 0 0 0 0 0 0 0 0 0 0 0 0 0
0 0 0 0 0 0 0 0 0 0 0 0 0 0 0 0
0 0 0 0 0 0 0 0 0 0 0 0 0 0 0 0
0 0 0 0 0 0 0 0 0 0 0 0 0 0 0 0
0 0 0 0 0 0 0 0 0 0 0 0 0 0 0 0
0 0 0 0 0 0 0 0 0 0 0 0 0 0 0 0
0 0 0 0 0 0 0 0 0 0 0 0 0 0 0 0
0 0 0 0 0 0 0 0 0 0 0 0 0 0 0 0

"assets/vert.txt" "assets/frag.txt" "assets/bg.png" "assets/fg.png" "assets/flame.wav"
0.5 4 0 0 0 6.28 6.28 0.1 0.5 0.1
13.5 3.5 1
0 -0.05 1 1
60
0 0 0 0 0 0 0 1 1 0 0 0 0 0 0 0
0 0 0 0 0 0 0 1 1 0 0 0 0 0 0 0
0 0 0 0 0 0 0 1 1 0 0 0 0 0 0 0
0 0 0 0 0 0 0 0 0 0 0 0 0 0 0 0
0 0 0 0 0 0 0 0 0 0 0 0 0 0 0 0
0 0 0 0 0 0 0 0 0 0 0 0 0 0 0 0
0 0 0 0 0 0 0 1 1 0 0 0 0 0 0 0
0 0 0 0 0 0 0 1 1 0 0 0 0 0 0 0
0 0 0 0 0 0 0 1 1 0 0 0 0 0 0 0

"assets/vert.txt" "assets/frag.txt" "assets/bg.png" "assets/fg.png" "assets/flame.wav"
0.5 4 0 0 0 6.28 6.28 0.1 0.5 0.1
13.5 3.5 1
0 -0.05 1 1
60
0 0 0 0 0 0 0 0 0 0 0 0 0 0 0 0
0 0 0 0 0 0 0 0 0 0 0 0 0 0 0 0
1 1 1 1 1 1 1 1 1 1 1 1 1 1 1 1
0 0 0 0 0 0 0 0 0 0 0 0 0 0 0 0
0 0 0 0 0 0 0 0 0 0 0 0 0 0 0 0
0 0 0 0 0 0 0 0 0 0 0 0 0 0 0 0
1 1 1 1 1 1 1 1 1 1 1 1 1 1 1 1
0 0 0 0 0 0 0 0 0 0 0 0 0 0 0 0

"assets/vert.txt" "assets/frag.txt" "assets/bg.png" "assets/fg.png" "assets/flame.wav"
7.5 7.5 0 0 0 6.28 6.28 0.1 0.25 0.1
7 0.5 1
0 -0.05 1 1
60
0 0 0 0 0 0 0 0 0 0 0 0 0 0 0 0
0 0 0 0 0 0 0 0 0 0 0 0 0 0 0 0
0 0 0 0 0 0 0 0 0 0 0 0 0 0 0 0
0 0 0 0 0 0 0 0 0 0 0 0 0 0 0 0
0 0 1 1 1 1 1 1 1 1 1 1 1 1 0 0
0 0 0 0 0 0 0 0 0 0 0 0 0 0 0 0
0 0 0 0 0 0 0 0 0 0 0 0 0 0 0 0
0 0 0 0 0 0 0 0 0 0 0 0 0 0 0 0
0 0 0 0 0 0 0 0 0 0 0 0 0 0 0 0

"assets/vert.txt" "assets/frag.txt" "assets/bg.png" "assets/fg.png" "assets/flame.wav"
7.5 1 0 0 0 6.28 6.28 0.1 0.25 0.1
7 7 1
0 -0.05 1 1
60
0 0 0 0 0 0 0 0 0 0 0 0 0 0 0 0
0 0 0 0 0 0 0 0 0 0 0 0 0 0 0 0
0 0 0 0 0 0 0 0 0 0 0 0 0 0 0 0
0 0 0 0 0 0 0 0 0 0 0 0 0 0 0 0
0 0 1 1 1 1 1 1 1 1 1 1 1 1 0 0
0 0 0 0 0 0 0 0 0 0 0 0 0 0 0 0
0 0 0 0 0 0 0 0 0 0 0 0 0 0 0 0
0 0 0 0 0 0 0 0 0 0 0 0 0 0 0 0
0 0 0 0 0 0 0 0 0 0 0 0 0 0 0 0

"assets/vert.txt" "assets/frag.txt" "assets/bg.png" "assets/fg.png" "assets/flame.wav"
0.5 7.5 0 0 0 6.28 6.28 0.1 0.25 0.1
13.5 0.5 1
0 -0.05 1 1
60
0 0 0 0 0 0 0 0 0 0 0 0 0 0 0 0
0 0 0 0 0 0 0 0 0 0 0 0 0 0 0 0
0 0 0 1 1 1 1 1 1 1 1 1 1 0 0 0
0 0 0 1 0 0 0 0 0 0 0 0 0 0 0 0
0 0 0 0 0 0 0 0 0 0 0 0 0 0 0 0
0 0 0 0 0 0 0 0 0 0 0 0 1 0 0 0
0 0 0 1 1 1 1 1 1 1 1 1 1 0 0 0
0 0 0 0 0 0 0 0 0 0 0 0 0 0 0 0
0 0 0 0 0 0 0 0 0 0 0 0 0 0 0 0

"assets/vert.txt" "assets/frag.txt" "assets/bg.png" "assets/fg.png" "assets/flame.wav"
0.5 1 0 0 0 6.28 6.28 0.1 0.25 0.1
13.5 7 1
0 -0.05 1 1
60
0 0 0 0 0 0 0 0 0 0 0 0 0 0 0 0
0 0 0 0 0 0 0 0 0 0 0 0 0 0 0 0
0 0 0 1 1 1 1 1 1 1 1 1 1 0 0 0
0 0 0 1 0 0 0 0 0 0 0 0 0 0 0 0
0 0 0 0 0 0 0 0 0 0 0 0 0 0 0 0
0 0 0 0 0 0 0 0 0 0 0 0 1 0 0 0
0 0 0 1 1 1 1 1 1 1 1 1 1 0 0 0
0 0 0 0 0 0 0 0 0 0 0 0 0 0 0 0
0 0 0 0 0 0 0 0 0 0 0 0 0 0 0 0

"assets/vert.txt" "assets/frag.txt" "assets/bg.png" "assets/fg.png" "assets/flame.wav"
0.5 1 0 0 0 6.28 6.28 0.1 0.25 0.1
13.5 0.5 1
0 -0.05 1 1
60
0 0 0 0 0 0 0 0 0 0 0 0 0 0 0 0
0 0 0 0 0 0 0 0 0 0 0 0 0 0 0 0
0 0 0 0 0 1 1 1 1 1 1 0 0 0 0 0
0 0 0 0 0 1 0 0 0 0 1 0 0 0 0 0
0 0 0 0 0 1 0 0 0 0 1 0 0 0 0 0
0 0 0 0 0 1 0 0 0 0 1 0 0 0 0 0
0 0 0 0 0 1 0 0 0 0 1 0 0 0 0 0
0 0 0 0 0 1 0 0 0 0 1 0 0 0 0 0
0 0 0 0 0 1 0 0 0 0 1 0 0 0 0 0

"assets/vert.txt" "assets/frag.txt" "assets/bg.png" "assets/fg.png" "assets/flame.wav"
0.5 7.5 0 0 0 6.28 6.28 0.1 0.2 0.1
13.5 7 1
0 -0.05 1 1
60
0 0 0 0 0 1 0 0 0 0 1 0 0 0 0 0
0 0 0 0 0 1 0 0 0 0 1 0 0 0 0 0
0 0 0 0 0 1 0 0 0 0 1 0 0 0 0 0
0 0 0 0 0 1 0 0 0 0 1 0 0 0 0 0
0 0 0 0 0 1 0 0 0 0 1 0 0 0 0 0
0 0 0 0 0 1 0 0 0 0 1 0 0 0 0 0
0 0 0 0 0 1 1 1 1 1 1 0 0 0 0 0
0 0 0 0 0 0 0 0 0 0 0 0 0 0 0 0
0 0 0 0 0 0 0 0 0 0 0 0 0 0 0 0

"assets/vert.txt" "assets/frag.txt" "assets/bg.png" "assets/fg.png" "assets/flame.wav"
5.5 1 0 0 0 6.28 6.28 0.1 0.15 0.1
9.5 0.5 1
0 -0.05 1 1
60
0 0 0 0 0 0 0 0 0 0 0 0 0 0 0 0
0 0 0 0 0 0 0 0 0 0 0 0 0 0 0 0
0 0 1 1 1 1 1 1 1 1 1 1 1 1 0 0
0 0 0 0 0 0 0 1 1 0 0 0 0 0 0 0
0 0 0 0 0 0 0 1 1 0 0 0 0 0 0 0
0 0 0 0 0 0 0 1 1 0 0 0 0 0 0 0
0 0 0 0 0 0 0 1 1 0 0 0 0 0 0 0
0 0 0 0 0 0 0 1 1 0 0 0 0 0 0 0
0 0 0 0 0 0 0 1 1 0 0 0 0 0 0 0

"assets/vert.txt" "assets/frag.txt" "assets/bg.png" "assets/fg.png" "assets/flame.wav"
5.5 5 0 0 0 6.28 6.28 0.1 0.15 0.1
9.5 4.5 1
0 -0.05 1 1
60
0 0 0 0 0 0 0 1 1 0 0 0 0 0 0 0
0 0 0 0 0 0 0 1 1 0 0 0 0 0 0 0
0 0 0 0 0 0 0 1 1 0 0 0 0 0 0 0
0 0 0 0 0 0 0 1 1 0 0 0 0 0 0 0
0 0 0 0 0 0 0 1 1 0 0 0 0 0 0 0
0 0 0 0 0 0 0 1 1 0 0 0 0 0 0 0
0 0 1 1 1 1 1 1 1 1 1 1 1 1 0 0
0 0 0 0 0 0 0 0 0 0 0 0 0 0 0 0
0 0 0 0 0 0 0 0 0 0 0 0 0 0 0 0

"assets/vert.txt" "assets/frag.txt" "assets/bg.png" "assets/fg.png" "assets/flame.wav"
1 1 0 0 0 6.28 6.28 0.1 0.12 0.1
13.5 0.5 1
0 -0.05 1 1
60
0 0 0 1 0 0 1 0 0 1 0 0 1 0 0 0
0 0 0 0 0 0 1 0 0 1 0 0 1 0 0 0
0 0 0 0 0 0 1 0 0 1 0 0 0 0 0 0
0 0 0 1 0 0 1 0 0 1 0 0 0 0 0 0
0 0 0 1 0 0 0 0 0 1 0 0 1 0 0 0
0 0 0 1 0 0 0 0 0 1 0 0 1 0 0 0
0 0 0 1 0 0 1 0 0 0 0 0 1 0 0 0
0 0 0 1 0 0 1 0 0 0 0 0 1 0 0 0
0 0 0 1 0 0 1 0 0 1 0 0 1 0 0 0

"assets/vert.txt" "assets/frag.txt" "assets/bg.png" "assets/fg.png" "assets/flame.wav"
1 1 0 0 0 6.28 6.28 0.1 0.08 0.1
13.5 6.5 1
0 -0.05 1 1
60
0 0 0 0 0 0 1 0 0 0 0 0 1 0 0 0
0 0 0 0 0 0 1 0 0 0 0 0 1 0 0 0
0 0 0 1 0 0 1 0 0 1 0 0 1 0 0 0
0 0 0 1 0 0 1 0 0 1 0 0 1 0 0 0
0 0 0 1 0 0 1 0 0 1 0 0 1 0 0 0
0 0 0 1 0 0 1 0 0 1 0 0 1 0 0 0
0 0 0 1 0 0 1 0 0 1 0 0 1 0 0 0
0 0 0 1 0 0 0 0 0 1 0 0 0 0 0 0
0 0 0 1 0 0 0 0 0 1 0 0 0 0 0 0

"assets/vert.txt" "assets/frag.txt" "assets/bg.png" "assets/fg.png" "assets/flame.wav"
0.5 7.5 0 0 0 6.28 6.28 0.1 0.08 0.1
13.5 0 1
0 -0.05 1 1
60
0 0 0 0 0 0 0 0 0 0 0 0 0 0 0 0
0 0 0 0 0 0 0 0 0 0 0 0 0 0 0 0
1 1 1 1 1 1 1 1 1 1 1 1 1 1 0 0
0 0 0 0 0 1 0 0 0 0 0 1 0 0 0 0
0 0 0 0 0 0 0 0 0 0 0 0 0 0 0 0
0 0 1 0 0 0 0 0 1 0 0 0 0 0 0 0
0 0 1 1 1 1 1 1 1 1 1 1 1 1 1 1
0 0 0 0 0 0 0 0 0 0 0 0 0 0 0 0
0 0 0 0 0 0 0 0 0 0 0 0 0 0 0 0

"assets/vert.txt" "assets/frag.txt" "assets/bg.png" "assets/fg.png" "assets/flame.wav"
3.5 3.5 0 0 0 6.28 6.28 0.1 0.08 0.1
14 7 1
0 -0.05 1 1
60
0 0 0 0 0 0 0 0 0 0 0 0 0 1 0 0
0 0 0 0 0 0 0 0 0 0 0 0 0 1 0 0
0 0 1 1 1 1 1 1 1 1 1 0 0 1 0 0
0 0 1 0 0 0 0 0 1 0 0 0 0 1 0 0
0 0 1 0 0 0 0 0 0 0 0 0 0 1 0 0
0 0 1 0 0 1 0 0 0 0 0 0 0 1 0 0
0 0 1 1 1 1 1 1 1 1 1 1 1 1 0 0
0 0 0 0 0 0 0 0 0 0 0 0 0 0 0 0
0 0 0 0 0 0 0 0 0 0 0 0 0 0 0 0

"assets/vert.txt" "assets/frag.txt" "assets/bg.png" "assets/fg.png" "assets/flame.wav"
0.5 7.5 0 0 0 6.28 6.28 0.1 0.06 0.1
14 4 1
0 -0.05 1 1
60
0 0 0 1 0 0 0 1 0 0 1 0 0 0 0 0
0 0 0 0 1 0 0 0 0 0 1 0 0 0 0 0
1 1 0 0 1 0 0 0 0 0 1 0 0 1 0 0
0 0 0 0 1 0 0 1 0 0 1 0 0 1 0 0
0 0 0 1 0 0 0 1 0 0 1 0 0 1 0 0
0 0 1 0 0 0 1 0 0 0 1 0 0 0 1 1
0 0 0 0 0 1 0 0 0 1 0 1 0 0 0 0
1 0 0 0 1 0 0 0 0 0 0 0 0 0 0 0
0 1 1 1 0 0 0 0 0 0 0 0 0 0 0 0